0 0.43671875 0.80859375 0.221875 0.184375
0 0.4390625 0.5 0.18125 0.09375
0 0.359375 0.4015625 0.1453125 0.0640625
0 0.34921875 0.3296875 0.1015625 0.0390625
0 0.459375 0.371875 0.1265625 0.0578125
0 0.60390625 0.425 0.0984375 0.04375
0 0.60625 0.38515625 0.08125 0.0375
0 0.5328125 0.33203125 0.0515625 0.0234375
0 0.41328125 0.3 0.075 0.0265625
0 0.446875 0.2765625 0.0796875 0.0265625
0 0.89375 0.7546875 0.1 0.090625
0 0.39375 0.23828125 0.0546875 0.0234375
0 0.6484375 0.346875 0.0796875 0.034375