0 0.20703125 0.4796875 0.0609375 0.053125
0 0.38046875 0.353125 0.25 0.0734375
0 0.87734375 0.628125 0.2375 0.2890625
0 0.95 0.890625 0.1 0.209375
0 0.440625 0.84296875 0.371875 0.265625
0 0.24296875 0.68984375 0.078125 0.0734375
0 0.4765625 0.53671875 0.1296875 0.0796875
0 0.6140625 0.6234375 0.059375 0.040625
0 0.66328125 0.41484375 0.059375 0.04375
0 0.29765625 0.446875 0.1125 0.0671875
0 0.28046875 0.5234375 0.046875 0.034375
0 0.1640625 0.61171875 0.05625 0.0578125
0 0.20234375 0.7765625 0.0609375 0.059375
0 0.6171875 0.31796875 0.1703125 0.04375