0 0.5859375 0.4796875 0.3921875 0.3078125
0 0.84765625 0.80703125 0.3046875 0.2140625
0 0.17265625 0.51484375 0.25 0.1234375
0 0.1703125 0.63359375 0.25 0.1328125
0 0.20625 0.81015625 0.2171875 0.253125
0 0.30625 0.378125 0.2625 0.1234375
0 0.33515625 0.275 0.1546875 0.05625
0 0.62109375 0.16484375 0.1734375 0.0703125
0 0.425 0.1953125 0.175 0.0765625
0 0.2609375 0.15859375 0.1375 0.090625
0 0.3421875 0.0953125 0.1046875 0.05
0 0.4515625 0.0703125 0.1171875 0.040625
0 0.5609375 0.0953125 0.1171875 0.04375
0 0.73984375 0.11328125 0.0859375 0.034375
0 0.70859375 0.06328125 0.0625 0.0203125
0 0.6890625 0.0234375 0.0578125 0.0203125
0 0.6203125 0.03984375 0.059375 0.0265625