0 0.73828125 0.93828125 0.225 0.11875
0 0.4421875 0.86015625 0.2328125 0.1484375
0 0.1375 0.94140625 0.1890625 0.1125
0 0.3078125 0.75390625 0.1875 0.1046875
0 0.64375 0.6515625 0.1359375 0.0546875
0 0.5765625 0.603125 0.134375 0.05625
0 0.8921875 0.6375 0.1265625 0.0859375
0 0.0828125 0.73671875 0.084375 0.065625
0 0.30390625 0.62890625 0.0765625 0.0390625
0 0.20390625 0.65078125 0.059375 0.025
0 0.11015625 0.6625 0.1078125 0.034375
0 0.17734375 0.6234375 0.10625 0.0484375
0 0.36171875 0.54375 0.1109375 0.0484375
0 0.9078125 0.55859375 0.08125 0.034375
0 0.76015625 0.54140625 0.084375 0.028125
0 0.6875 0.51328125 0.0953125 0.0515625