0 0.8625 0.74765625 0.2109375 0.0484375
0 0.359375 0.84140625 0.2265625 0.0609375
0 0.56171875 0.8859375 0.159375 0.053125
0 0.19765625 0.95625 0.3953125 0.0828125
0 0.096875 0.88125 0.19375 0.090625
0 0.34140625 0.74765625 0.4828125 0.0671875
0 0.55859375 0.79765625 0.2046875 0.0421875
0 0.93828125 0.6234375 0.1171875 0.04375
0 0.71875 0.603125 0.1296875 0.0359375
0 0.16640625 0.6515625 0.2109375 0.0359375
0 0.4140625 0.67109375 0.175 0.0421875
0 0.52265625 0.69921875 0.171875 0.034375
0 0.16171875 0.59609375 0.16875 0.0265625
0 0.5 0.61640625 0.1390625 0.034375